1 3392.24 3052.4
2 1852.18 1644.06
3 1279.57 1120.1
4 971.443 875.934
5 801.187 722.01
6 694.869 663.469
7 645.523 586.271
8 637.293 561.706
9 567.948 487.693
10 546.922 491.109
11 545.217 513.61
12 520.409 477.506
13 484.95 446.879
14 483.158 432.058
15 448.683 414.719
16 446.569 407.298
17 486.108 441.463
18 514.155 460.719
19 559.27 474.39
20 515.413 467.327
21 519.273 467.329
22 540.572 478.487
23 532.693 474.531
24 534.752 471.78
25 499.337 478.498
26 570.32 437.864
27 537.854 441.228
28 515.078 453.489
29 543.187 437.952
30 534.925 449.273
31 537.818 433.319
32 529.248 457.546
33 524.93 496.085
34 487.028 489.957
35 521.809 495.119
36 530.389 455.617
37 488.062 476.47
38 541.839 469.371
39 527.482 435.51
40 471.211 435.556
41 526.062 501.405
42 546.651 491.172
43 506.134 485.473
44 526.331 498.637
45 557.965 474.252
46 569.086 468.589
47 530.534 489.223
48 545.541 479.814
49 565.604 465.346
50 489.292 427.834
51 520.623 439.526
52 519.251 446.247
53 548.13 442.854
54 517.903 434.398
55 551.518 448.561
56 497.862 447.782
57 561.936 473.722
58 525.11 450.131
59 542.558 460.371
60 530.729 477.532
61 504.029 459.262
62 558.25 473.194
63 532.06 490.361
64 510.472 456.584
65 544.859 424.766
66 531.507 450.79
67 541.725 462.032
68 498.274 468.829
69 546.845 460.261
70 495.876 422.545
71 494.516 469.42
72 541.775 448.6
73 506.167 450.94
74 490.233 451.49
75 540.79 418.937
76 514.361 447.801
77 515.844 455.848
78 511.005 450.722
79 516.949 435.015
80 520.938 453.964
81 504.25 455.471
82 502.067 439.365
83 517.84 462.869
84 554.512 466.115
85 567.037 438.658
86 491.685 438.985
87 520.357 459.204
88 490.357 472.052
89 510.601 474.952
90 485.724 471.084
91 513.682 450.541
92 526.552 440.477
93 547.141 468.802
94 490.842 458.402
95 496.07 435.469
96 480.465 446.181
97 587.541 485.093
98 480.573 449.238
99 486.689 429.252
100 499.17 459.055
101 491.397 452.227
102 493.308 442.601
103 477.943 431.176
104 471.202 431.767
105 478.46 434.868
106 480.353 462.857
107 476.751 428.758
108 495.204 420.382
109 494.153 455.096
110 506.338 426.805
111 526.065 449.683
112 501.92 436.979
113 512.605 434.268
114 495.103 435.172
115 505.117 434.852
116 527.185 444.054
117 512.565 425.801
118 533.981 439.017
119 526.581 465.339
120 533.7 431.96
121 496.309 437.028
122 505.247 440.038
123 485.072 436.906
124 508.993 441.017
125 505.572 442.99
126 484.063 433.52
127 483.813 421.188
128 478.655 425.713
16 410.48 390.024
16 430.875 384.499
16 435.993 427
16 425.402 389.105
16 315.529 299.231
16 246.137 205.499
16 152.334 133.181
16 77.157 58.243
16 41.319 41.888
16 515.342 417.219
16 314.279 321.482
16 215.254 204.02
16 129.171 140.355
16 64.627 60.285
16 54.219 36.772
16 465.66 402.56
16 322.609 294.773
16 226.907 198.016
16 139.869 124.262
16 71.822 64.738
16 42.812 39.208
16 422.035 397.334
16 345.851 302.154
16 253.485 220.829
16 127.592 146.018
16 76.481 85.227
16 50.031 38.415
16 462.26 412.279
16 343.868 320.575
16 225.689 210.326
16 138.839 144.829
16 79.407 60.238
16 52.116 40.22
